 3.0439999E+00  1.4582236E+02
 3.0519998E+00  1.4626036E+02
 3.0599997E+00  1.4645013E+02
 3.0679998E+00  1.4647656E+02
 3.0759997E+00  1.4651859E+02
 3.0839999E+00  1.4661830E+02
 3.0919998E+00  1.4651056E+02
 3.0999999E+00  1.4663770E+02
 3.1079998E+00  1.4661372E+02
 3.1159997E+00  1.4657237E+02
 3.1239998E+00  1.4639494E+02
 3.1319997E+00  1.4644182E+02
 3.1399999E+00  1.4671066E+02
 3.1479998E+00  1.4676395E+02
 3.1559999E+00  1.4709103E+02
 3.1639998E+00  1.4738289E+02
 3.1719997E+00  1.4762410E+02
 3.1799998E+00  1.4777235E+02
 3.1879997E+00  1.4772649E+02
 3.1959999E+00  1.4766380E+02
 3.2039998E+00  1.4762701E+02
 3.2119999E+00  1.4770552E+02
 3.2199998E+00  1.4776849E+02
 3.2279999E+00  1.4791391E+02
 3.2359998E+00  1.4783160E+02
 3.2439997E+00  1.4771284E+02
 3.2519999E+00  1.4775298E+02
 3.2599998E+00  1.4795087E+02
 3.2679999E+00  1.4804506E+02
 3.2759998E+00  1.4790237E+02
 3.2839999E+00  1.4783026E+02
 3.2919998E+00  1.4793715E+02
 3.2999997E+00  1.4819493E+02
 3.3079998E+00  1.4798839E+02
 3.3159997E+00  1.4785126E+02
 3.3239999E+00  1.4776555E+02
 3.3319998E+00  1.4755089E+02
 3.3399999E+00  1.4777568E+02
 3.3479998E+00  1.4814528E+02
 3.3559997E+00  1.4837924E+02
 3.3639998E+00  1.4854289E+02
 3.3719997E+00  1.4873502E+02
 3.3799999E+00  1.4849368E+02
 3.3879998E+00  1.4845999E+02
 3.3959999E+00  1.4854892E+02
 3.4039998E+00  1.4855540E+02
 3.4119997E+00  1.4852017E+02
 3.4199998E+00  1.4846785E+02
 3.4279997E+00  1.4874733E+02
 3.4359999E+00  1.4907701E+02
 3.4439998E+00  1.4938731E+02
 3.4519999E+00  1.4930611E+02
 3.4599998E+00  1.4902809E+02
 3.4679997E+00  1.4881358E+02
 3.4759998E+00  1.4886606E+02
 3.4839997E+00  1.4867348E+02
 3.4919999E+00  1.4857091E+02
 3.4999998E+00  1.4866142E+02
 3.5079999E+00  1.4874074E+02
 3.5159998E+00  1.4884442E+02
 3.5239997E+00  1.4898938E+02
 3.5319998E+00  1.4901588E+02
 3.5399997E+00  1.4888504E+02
 3.5479999E+00  1.4865340E+02
 3.5559998E+00  1.4845981E+02
 3.5639999E+00  1.4861140E+02
 3.5719998E+00  1.4903439E+02
 3.5799997E+00  1.4938972E+02
 3.5879998E+00  1.4946753E+02
 3.5959997E+00  1.4954381E+02
 3.6039999E+00  1.4970497E+02
 3.6119998E+00  1.4988776E+02
 3.6199999E+00  1.4974860E+02
 3.6279998E+00  1.4999913E+02
 3.6359997E+00  1.5023380E+02
 3.6439998E+00  1.5020190E+02
 3.6519997E+00  1.5008598E+02
 3.6599998E+00  1.5012660E+02
 3.6679997E+00  1.4995313E+02
 3.6759999E+00  1.4990961E+02
 3.6839998E+00  1.5008720E+02
 3.6919997E+00  1.5009320E+02
 3.6999998E+00  1.5038910E+02
 3.7079997E+00  1.5037148E+02
 3.7159998E+00  1.5020712E+02
 3.7239997E+00  1.5045010E+02
 3.7319999E+00  1.5097058E+02
 3.7399998E+00  1.5095996E+02
 3.7479997E+00  1.5072421E+02
 3.7559998E+00  1.5059399E+02
 3.7639997E+00  1.5065024E+02
 3.7719998E+00  1.5085306E+02
 3.7799997E+00  1.5106044E+02
 3.7879999E+00  1.5118123E+02
 3.7959998E+00  1.5139748E+02
 3.8039997E+00  1.5151782E+02
 3.8119998E+00  1.5131076E+02
 3.8199997E+00  1.5120956E+02
 3.8279998E+00  1.5109412E+02
 3.8359997E+00  1.5110828E+02
 3.8439999E+00  1.5143425E+02
 3.8519998E+00  1.5156900E+02
 3.8599997E+00  1.5154181E+02
 3.8679998E+00  1.5160170E+02
 3.8759997E+00  1.5178194E+02
 3.8839998E+00  1.5188779E+02
 3.8919997E+00  1.5187151E+02
 3.8999999E+00  1.5176024E+02
 3.9079998E+00  1.5185521E+02
 3.9159997E+00  1.5202832E+02
 3.9239998E+00  1.5214030E+02
 3.9319997E+00  1.5245251E+02
 3.9399998E+00  1.5281059E+02
 3.9479997E+00  1.5303038E+02
 3.9559999E+00  1.5290097E+02
 3.9639997E+00  1.5270291E+02
 3.9719996E+00  1.5280583E+02
 3.9799998E+00  1.5270659E+02
 3.9879997E+00  1.5260431E+02
 3.9959998E+00  1.5283232E+02
 4.0039997E+00  1.5329518E+02
 4.0119996E+00  1.5367282E+02
 4.0200000E+00  1.5366148E+02
 4.0279999E+00  1.5381703E+02
 4.0359998E+00  1.5431070E+02
 4.0439997E+00  1.5462970E+02
 4.0519996E+00  1.5462022E+02
 4.0599999E+00  1.5457332E+02
 4.0679998E+00  1.5458464E+02
 4.0759997E+00  1.5467201E+02
 4.0839996E+00  1.5478815E+02
 4.0919995E+00  1.5484773E+02
 4.0999999E+00  1.5516124E+02
 4.1079998E+00  1.5555695E+02
 4.1159997E+00  1.5601143E+02
 4.1239996E+00  1.5619803E+02
 4.1320000E+00  1.5617238E+02
 4.1399999E+00  1.5634404E+02
 4.1479998E+00  1.5672493E+02
 4.1559997E+00  1.5730209E+02
 4.1639996E+00  1.5787286E+02
 4.1719999E+00  1.5817821E+02
 4.1799998E+00  1.5843388E+02
 4.1879997E+00  1.5852681E+02
 4.1959996E+00  1.5883881E+02
 4.2039995E+00  1.5956920E+02
 4.2119999E+00  1.6033293E+02
 4.2199998E+00  1.6112068E+02
 4.2279997E+00  1.6201378E+02
 4.2359996E+00  1.6262654E+02
 4.2440000E+00  1.6325793E+02
 4.2519999E+00  1.6412459E+02
 4.2599998E+00  1.6539075E+02
 4.2679996E+00  1.6698119E+02
 4.2759995E+00  1.6849246E+02
 4.2839999E+00  1.7055988E+02
 4.2919998E+00  1.7329224E+02
 4.2999997E+00  1.7683224E+02
 4.3079996E+00  1.8120184E+02
 4.3159995E+00  1.8691133E+02
 4.3239999E+00  1.9522798E+02
 4.3319998E+00  2.0752979E+02
 4.3399997E+00  2.2426158E+02
 4.3479996E+00  2.4665413E+02
 4.3559999E+00  2.7346558E+02
 4.3639998E+00  3.0415213E+02
 4.3719997E+00  3.3362421E+02
 4.3799996E+00  3.5563171E+02
 4.3879995E+00  3.6491354E+02
 4.3959999E+00  3.6183252E+02
 4.4039998E+00  3.4759753E+02
 4.4119997E+00  3.2585757E+02
 4.4199996E+00  2.9937283E+02
 4.4280000E+00  2.7219125E+02
 4.4359999E+00  2.4676529E+02
 4.4439998E+00  2.2567473E+02
 4.4519997E+00  2.0865410E+02
 4.4599996E+00  1.9587115E+02
 4.4679999E+00  1.8591158E+02
 4.4759998E+00  1.7885484E+02
 4.4839997E+00  1.7372968E+02
 4.4919996E+00  1.7008397E+02
 4.4999995E+00  1.6746541E+02
 4.5079999E+00  1.6523607E+02
 4.5159998E+00  1.6337106E+02
 4.5239997E+00  1.6188811E+02
 4.5319996E+00  1.6095415E+02
 4.5400000E+00  1.6022418E+02
 4.5479999E+00  1.5968779E+02
 4.5559998E+00  1.5907921E+02
 4.5639997E+00  1.5847818E+02
 4.5719995E+00  1.5803279E+02
 4.5799999E+00  1.5741289E+02
 4.5879998E+00  1.5680624E+02
 4.5959997E+00  1.5649344E+02
 4.6039996E+00  1.5626402E+02
 4.6119995E+00  1.5594135E+02
 4.6199999E+00  1.5572771E+02
 4.6279998E+00  1.5580113E+02
 4.6359997E+00  1.5585168E+02
 4.6439996E+00  1.5588461E+02
 4.6520000E+00  1.5610635E+02
 4.6599998E+00  1.5618362E+02
 4.6679997E+00  1.5593340E+02
 4.6759996E+00  1.5575906E+02
 4.6839995E+00  1.5564320E+02
 4.6919999E+00  1.5577625E+02
 4.6999998E+00  1.5582736E+02
 4.7079997E+00  1.5577937E+02
 4.7159996E+00  1.5597186E+02
 4.7239995E+00  1.5603708E+02
 4.7319999E+00  1.5594696E+02
 4.7399998E+00  1.5575946E+02
 4.7479997E+00  1.5572638E+02
 4.7559996E+00  1.5580275E+02
 4.7639999E+00  1.5607838E+02
 4.7719998E+00  1.5636154E+02
 4.7799997E+00  1.5650542E+02
 4.7879996E+00  1.5652231E+02
 4.7959995E+00  1.5645999E+02
 4.8039999E+00  1.5643015E+02
 4.8119998E+00  1.5625217E+02
 4.8199997E+00  1.5588469E+02
 4.8279996E+00  1.5559859E+02
 4.8359995E+00  1.5543158E+02
 4.8439999E+00  1.5541573E+02
 4.8519998E+00  1.5565482E+02
 4.8599997E+00  1.5585039E+02
 4.8679996E+00  1.5596017E+02
 4.8759999E+00  1.5601277E+02
 4.8839998E+00  1.5612967E+02
 4.8919997E+00  1.5619832E+02
 4.8999996E+00  1.5614241E+02
 4.9079995E+00  1.5601855E+02
 4.9159999E+00  1.5601201E+02
 4.9239998E+00  1.5598471E+02
 4.9319997E+00  1.5594281E+02
 4.9399996E+00  1.5595061E+02
 4.9479995E+00  1.5615341E+02
 4.9559999E+00  1.5650023E+02
 4.9639997E+00  1.5673593E+02
 4.9719996E+00  1.5672743E+02
 4.9799995E+00  1.5636604E+02
 4.9879999E+00  1.5610854E+02
 4.9959998E+00  1.5608479E+02
 5.0039997E+00  1.5598749E+02
 5.0119996E+00  1.5589192E+02
 5.0199995E+00  1.5602917E+02
 5.0279999E+00  1.5612729E+02
 5.0359998E+00  1.5614403E+02
 5.0439997E+00  1.5628697E+02
 5.0519996E+00  1.5653500E+02
 5.0599995E+00  1.5666759E+02
 5.0679998E+00  1.5662799E+02
 5.0759997E+00  1.5682759E+02
 5.0839996E+00  1.5718616E+02
 5.0919995E+00  1.5724911E+02
 5.0999999E+00  1.5734842E+02
 5.1079998E+00  1.5737834E+02
 5.1159997E+00  1.5725191E+02
 5.1239996E+00  1.5715402E+02
 5.1319995E+00  1.5703644E+02
 5.1399999E+00  1.5689929E+02
 5.1479998E+00  1.5688907E+02
 5.1559997E+00  1.5681071E+02
 5.1639996E+00  1.5662025E+02
 5.1719995E+00  1.5652046E+02
 5.1799998E+00  1.5642021E+02
 5.1879997E+00  1.5613753E+02
 5.1959996E+00  1.5613667E+02
 5.2039995E+00  1.5627199E+02
 5.2119999E+00  1.5670901E+02
 5.2199998E+00  1.5726285E+02
 5.2279997E+00  1.5763150E+02
 5.2359996E+00  1.5751779E+02
 5.2439995E+00  1.5748930E+02
 5.2519999E+00  1.5752492E+02
 5.2599998E+00  1.5751704E+02
 5.2679996E+00  1.5751230E+02
 5.2759995E+00  1.5745023E+02
 5.2839999E+00  1.5737161E+02
 5.2919998E+00  1.5724362E+02
 5.2999997E+00  1.5762137E+02
 5.3079996E+00  1.5799983E+02
 5.3159995E+00  1.5795920E+02
 5.3239999E+00  1.5777170E+02
 5.3319998E+00  1.5759489E+02
 5.3399997E+00  1.5761583E+02
 5.3479996E+00  1.5745195E+02
 5.3559995E+00  1.5749438E+02
 5.3639998E+00  1.5776727E+02
 5.3719997E+00  1.5777107E+02
 5.3799996E+00  1.5763580E+02
 5.3879995E+00  1.5770384E+02
 5.3959999E+00  1.5787636E+02
 5.4039998E+00  1.5806866E+02
 5.4119997E+00  1.5805550E+02
 5.4199996E+00  1.5823807E+02
 5.4279995E+00  1.5847182E+02
 5.4359999E+00  1.5840041E+02
 5.4439998E+00  1.5824298E+02
 5.4519997E+00  1.5814561E+02
 5.4599996E+00  1.5849162E+02
 5.4679995E+00  1.5886261E+02
 5.4759998E+00  1.5892953E+02
 5.4839997E+00  1.5896648E+02
 5.4919996E+00  1.5878862E+02
 5.4999995E+00  1.5856633E+02
 5.5079999E+00  1.5867482E+02
 5.5159998E+00  1.5887221E+02
 5.5239997E+00  1.5868456E+02
 5.5319996E+00  1.5862402E+02
 5.5399995E+00  1.5889117E+02
 5.5479999E+00  1.5913986E+02
 5.5559998E+00  1.5921109E+02
 5.5639997E+00  1.5917365E+02
 5.5719995E+00  1.5928867E+02
 5.5799994E+00  1.5936436E+02
 5.5879998E+00  1.5937244E+02
 5.5959997E+00  1.5926479E+02
 5.6039996E+00  1.5934349E+02
 5.6119995E+00  1.5934714E+02
 5.6199999E+00  1.5941730E+02
 5.6279998E+00  1.5951219E+02
 5.6359997E+00  1.5956425E+02
 5.6439996E+00  1.5968178E+02
 5.6519995E+00  1.6007306E+02
 5.6599998E+00  1.6050351E+02
 5.6679997E+00  1.6043503E+02
 5.6759996E+00  1.6030949E+02
 5.6839995E+00  1.6033803E+02
 5.6919994E+00  1.6034616E+02
 5.6999998E+00  1.6038489E+02
 5.7079997E+00  1.6037399E+02
 5.7159996E+00  1.6044814E+02
 5.7239995E+00  1.6059332E+02
 5.7319999E+00  1.6074406E+02
 5.7399998E+00  1.6067329E+02
 5.7479997E+00  1.6056735E+02
 5.7559996E+00  1.6040967E+02
 5.7639995E+00  1.6024089E+02
 5.7719998E+00  1.6022667E+02
 5.7799997E+00  1.6038342E+02
 5.7879996E+00  1.6071062E+02
 5.7959995E+00  1.6082077E+02
 5.8039994E+00  1.6036476E+02
 5.8119998E+00  1.6023349E+02
 5.8199997E+00  1.6033818E+02
 5.8279996E+00  1.6047112E+02
 5.8359995E+00  1.6040587E+02
 5.8439999E+00  1.6023520E+02
 5.8519998E+00  1.6027504E+02
 5.8599997E+00  1.6035226E+02
 5.8679996E+00  1.6044978E+02
 5.8759995E+00  1.6066791E+02
 5.8839998E+00  1.6076393E+02
 5.8919997E+00  1.6079799E+02
 5.8999996E+00  1.6063495E+02
 5.9079995E+00  1.6053236E+02
 5.9159994E+00  1.6085693E+02
 5.9239998E+00  1.6109776E+02
 5.9319997E+00  1.6127211E+02
 5.9399996E+00  1.6117589E+02
 5.9479995E+00  1.6115677E+02
 5.9559999E+00  1.6123802E+02
 5.9639997E+00  1.6142836E+02
 5.9719996E+00  1.6170329E+02
 5.9799995E+00  1.6192043E+02
 5.9879994E+00  1.6198332E+02
 5.9959998E+00  1.6204216E+02
 6.0039997E+00  1.6221529E+02
 6.0119996E+00  1.6235895E+02
 6.0199995E+00  1.6234758E+02
 6.0279999E+00  1.6236870E+02
 6.0359998E+00  1.6266318E+02
 6.0439997E+00  1.6296567E+02
 6.0519996E+00  1.6307193E+02
 6.0599995E+00  1.6312825E+02
 6.0679998E+00  1.6331598E+02
 6.0759997E+00  1.6344823E+02
 6.0839996E+00  1.6337523E+02
 6.0919995E+00  1.6324879E+02
 6.0999994E+00  1.6317252E+02
 6.1079998E+00  1.6322861E+02
 6.1159997E+00  1.6304622E+02
 6.1239996E+00  1.6281339E+02
 6.1319995E+00  1.6278906E+02
 6.1399999E+00  1.6282573E+02
 6.1479998E+00  1.6264352E+02
 6.1559997E+00  1.6263736E+02
 6.1639996E+00  1.6271542E+02
 6.1719995E+00  1.6270268E+02
 6.1799998E+00  1.6285083E+02
 6.1879997E+00  1.6310448E+02
 6.1959996E+00  1.6348125E+02
 6.2039995E+00  1.6376379E+02
 6.2119994E+00  1.6390067E+02
 6.2199998E+00  1.6392749E+02
 6.2279997E+00  1.6381084E+02
 6.2359996E+00  1.6344461E+02
 6.2439995E+00  1.6368610E+02
 6.2519999E+00  1.6396475E+02
 6.2599998E+00  1.6406050E+02
 6.2679996E+00  1.6398912E+02
 6.2759995E+00  1.6388765E+02
 6.2839994E+00  1.6389427E+02
 6.2919998E+00  1.6415976E+02
 6.2999997E+00  1.6421132E+02
 6.3079996E+00  1.6434009E+02
 6.3159995E+00  1.6433209E+02
 6.3239994E+00  1.6445572E+02
 6.3319998E+00  1.6450328E+02
 6.3399997E+00  1.6454646E+02
 6.3479996E+00  1.6472147E+02
 6.3559995E+00  1.6468488E+02
 6.3639998E+00  1.6476733E+02
 6.3719997E+00  1.6496507E+02
 6.3799996E+00  1.6505206E+02
 6.3879995E+00  1.6519463E+02
 6.3959994E+00  1.6517731E+02
 6.4039998E+00  1.6516415E+02
 6.4119997E+00  1.6521645E+02
 6.4199996E+00  1.6536426E+02
 6.4279995E+00  1.6546602E+02
 6.4359994E+00  1.6547112E+02
 6.4439998E+00  1.6549918E+02
 6.4519997E+00  1.6567896E+02
 6.4599996E+00  1.6592029E+02
 6.4679995E+00  1.6596298E+02
 6.4759998E+00  1.6599229E+02
 6.4839997E+00  1.6579755E+02
 6.4919996E+00  1.6537883E+02
 6.4999995E+00  1.6534286E+02
 6.5079994E+00  1.6554402E+02
 6.5159998E+00  1.6555545E+02
 6.5239997E+00  1.6550011E+02
 6.5319996E+00  1.6533992E+02
 6.5399995E+00  1.6521272E+02
 6.5479994E+00  1.6520209E+02
 6.5559998E+00  1.6527301E+02
 6.5639997E+00  1.6552065E+02
 6.5719995E+00  1.6585379E+02
 6.5799994E+00  1.6631560E+02
 6.5879998E+00  1.6655168E+02
 6.5959997E+00  1.6662714E+02
 6.6039996E+00  1.6687703E+02
 6.6119995E+00  1.6713171E+02
 6.6199994E+00  1.6698207E+02
 6.6279998E+00  1.6681480E+02
 6.6359997E+00  1.6702412E+02
 6.6439996E+00  1.6705765E+02
 6.6519995E+00  1.6703247E+02
 6.6599994E+00  1.6720000E+02
 6.6679997E+00  1.6742348E+02
 6.6759996E+00  1.6752260E+02
 6.6839995E+00  1.6752615E+02
 6.6919994E+00  1.6751343E+02
 6.6999998E+00  1.6730667E+02
 6.7079997E+00  1.6713016E+02
 6.7159996E+00  1.6708012E+02
 6.7239995E+00  1.6728654E+02
 6.7319994E+00  1.6734526E+02
 6.7399998E+00  1.6743062E+02
 6.7479997E+00  1.6754909E+02
 6.7559996E+00  1.6751207E+02
 6.7639995E+00  1.6747993E+02
 6.7719994E+00  1.6762901E+02
 6.7799997E+00  1.6776807E+02
 6.7879996E+00  1.6777036E+02
 6.7959995E+00  1.6753922E+02
 6.8039994E+00  1.6747699E+02
 6.8119998E+00  1.6767859E+02
 6.8199997E+00  1.6799422E+02
 6.8279996E+00  1.6806078E+02
 6.8359995E+00  1.6810248E+02
 6.8439994E+00  1.6833145E+02
 6.8519998E+00  1.6858530E+02
 6.8599997E+00  1.6879156E+02
 6.8679996E+00  1.6877985E+02
 6.8759995E+00  1.6890164E+02
 6.8839998E+00  1.6907060E+02
 6.8919997E+00  1.6911174E+02
 6.8999996E+00  1.6892813E+02
 6.9079995E+00  1.6899596E+02
 6.9159994E+00  1.6919568E+02
 6.9239998E+00  1.6929565E+02
 6.9319997E+00  1.6944432E+02
 6.9399996E+00  1.6956438E+02
 6.9479995E+00  1.6970772E+02
 6.9559994E+00  1.6982527E+02
 6.9639997E+00  1.6989262E+02
 6.9719996E+00  1.7015631E+02
 6.9799995E+00  1.7051915E+02
 6.9879994E+00  1.7080583E+02
 6.9959998E+00  1.7088173E+02
 7.0039997E+00  1.7079984E+02
 7.0119996E+00  1.7057776E+02
 7.0199995E+00  1.7019493E+02
 7.0279994E+00  1.6974716E+02
 7.0359998E+00  1.6963655E+02
 7.0439997E+00  1.6978926E+02
 7.0519996E+00  1.6996465E+02
 7.0599995E+00  1.7002254E+02
 7.0679994E+00  1.6998271E+02
 7.0759997E+00  1.6999036E+02
 7.0839996E+00  1.7009825E+02
 7.0919995E+00  1.7009528E+02
 7.0999994E+00  1.7014925E+02
 7.1079998E+00  1.7010233E+02
 7.1159997E+00  1.7000810E+02
 7.1239996E+00  1.6994983E+02
 7.1319995E+00  1.7004449E+02
 7.1399994E+00  1.7016507E+02
 7.1479998E+00  1.7020044E+02
 7.1559997E+00  1.7031383E+02
 7.1639996E+00  1.7070677E+02
 7.1719995E+00  1.7097112E+02
 7.1799994E+00  1.7112645E+02
 7.1879997E+00  1.7129066E+02
 7.1959996E+00  1.7134569E+02
 7.2039995E+00  1.7129221E+02
 7.2119994E+00  1.7126566E+02
 7.2199998E+00  1.7148357E+02
 7.2279997E+00  1.7170869E+02
 7.2359996E+00  1.7173645E+02
 7.2439995E+00  1.7186629E+02
 7.2519994E+00  1.7209483E+02
 7.2599998E+00  1.7231120E+02
 7.2679996E+00  1.7250258E+02
 7.2759995E+00  1.7234216E+02
 7.2839994E+00  1.7230544E+02
 7.2919993E+00  1.7241469E+02
 7.2999997E+00  1.7241840E+02
 7.3079996E+00  1.7254001E+02
 7.3159995E+00  1.7271210E+02
 7.3239994E+00  1.7278285E+02
 7.3319998E+00  1.7297508E+02
 7.3399997E+00  1.7307178E+02
 7.3479996E+00  1.7308937E+02
 7.3559995E+00  1.7298289E+02
 7.3639994E+00  1.7273117E+02
 7.3719997E+00  1.7254590E+02
 7.3799996E+00  1.7258260E+02
 7.3879995E+00  1.7280530E+02
 7.3959994E+00  1.7279298E+02
 7.4039993E+00  1.7286560E+02
 7.4119997E+00  1.7278403E+02
 7.4199996E+00  1.7269197E+02
 7.4279995E+00  1.7264252E+02
 7.4359994E+00  1.7257002E+02
 7.4439998E+00  1.7249962E+02
 7.4519997E+00  1.7267615E+02
 7.4599996E+00  1.7300558E+02
 7.4679995E+00  1.7314905E+02
 7.4759994E+00  1.7329303E+02
 7.4839997E+00  1.7340378E+02
 7.4919996E+00  1.7353503E+02
 7.4999995E+00  1.7371143E+02
 7.5079994E+00  1.7374374E+02
 7.5159993E+00  1.7362152E+02
 7.5239997E+00  1.7365239E+02
 7.5319996E+00  1.7374403E+02
 7.5399995E+00  1.7374582E+02
 7.5479994E+00  1.7381453E+02
 7.5559998E+00  1.7386555E+02
 7.5639997E+00  1.7381636E+02
 7.5719995E+00  1.7385226E+02
 7.5799994E+00  1.7397003E+02
 7.5879993E+00  1.7426558E+02
 7.5959997E+00  1.7447801E+02
 7.6039996E+00  1.7465863E+02
 7.6119995E+00  1.7489331E+02
 7.6199994E+00  1.7514185E+02
 7.6279998E+00  1.7538676E+02
 7.6359997E+00  1.7538576E+02
 7.6439996E+00  1.7533235E+02
 7.6519995E+00  1.7534769E+02
 7.6599994E+00  1.7543414E+02
 7.6679997E+00  1.7548488E+02
 7.6759996E+00  1.7546854E+02
 7.6839995E+00  1.7544441E+02
 7.6919994E+00  1.7550644E+02
 7.6999993E+00  1.7569141E+02
 7.7079997E+00  1.7575031E+02
 7.7159996E+00  1.7568994E+02
 7.7239995E+00  1.7556792E+02
 7.7319994E+00  1.7562303E+02
 7.7399998E+00  1.7571489E+02
 7.7479997E+00  1.7591577E+02
 7.7559996E+00  1.7619429E+02
 7.7639995E+00  1.7620837E+02
 7.7719994E+00  1.7593639E+02
 7.7799997E+00  1.7575902E+02
 7.7879996E+00  1.7577017E+02
 7.7959995E+00  1.7581152E+02
 7.8039994E+00  1.7587125E+02
 7.8119993E+00  1.7587724E+02
 7.8199997E+00  1.7596304E+02
 7.8279996E+00  1.7606735E+02
 7.8359995E+00  1.7636128E+02
 7.8439994E+00  1.7675323E+02
 7.8519998E+00  1.7695615E+02
 7.8599997E+00  1.7678972E+02
 7.8679996E+00  1.7671962E+02
 7.8759995E+00  1.7688922E+02
 7.8839993E+00  1.7720712E+02
 7.8919997E+00  1.7734636E+02
 7.8999996E+00  1.7724878E+02
 7.9079995E+00  1.7710449E+02
 7.9159994E+00  1.7704305E+02
 7.9239993E+00  1.7717178E+02
 7.9319997E+00  1.7727846E+02
 7.9399996E+00  1.7714873E+02
 7.9479995E+00  1.7714587E+02
 7.9559994E+00  1.7733652E+02
 7.9639997E+00  1.7749481E+02
 7.9719996E+00  1.7749771E+02
 7.9799995E+00  1.7756804E+02
 7.9879994E+00  1.7761430E+02
 7.9959993E+00  1.7778778E+02
 8.0039997E+00  1.7790025E+02
 8.0119991E+00  1.7807001E+02
 8.0199995E+00  1.7843848E+02
 8.0279999E+00  1.7871584E+02
 8.0359993E+00  1.7876268E+02
 8.0439997E+00  1.7884607E+02
 8.0519991E+00  1.7885828E+02
 8.0599995E+00  1.7895512E+02
 8.0679998E+00  1.7897948E+02
 8.0759993E+00  1.7886154E+02
 8.0839996E+00  1.7890570E+02
 8.0919991E+00  1.7900395E+02
 8.0999994E+00  1.7904770E+02
 8.1079998E+00  1.7915173E+02
 8.1159992E+00  1.7924696E+02
 8.1239996E+00  1.7938077E+02
 8.1320000E+00  1.7938441E+02
 8.1399994E+00  1.7937512E+02
 8.1479998E+00  1.7944716E+02
 8.1559992E+00  1.7981641E+02
 8.1639996E+00  1.8013121E+02
 8.1719999E+00  1.8017064E+02
 8.1799994E+00  1.8022255E+02
 8.1879997E+00  1.8024185E+02
 8.1959991E+00  1.8020731E+02
 8.2039995E+00  1.8026559E+02
 8.2119999E+00  1.8030629E+02
 8.2199993E+00  1.8023485E+02
 8.2279997E+00  1.8042200E+02
 8.2359991E+00  1.8060132E+02
 8.2439995E+00  1.8067654E+02
 8.2519999E+00  1.8082269E+02
 8.2599993E+00  1.8057916E+02
 8.2679996E+00  1.8021495E+02
 8.2759991E+00  1.8020535E+02
 8.2839994E+00  1.8042551E+02
 8.2919998E+00  1.8074962E+02
 8.2999992E+00  1.8120325E+02
 8.3079996E+00  1.8147675E+02
 8.3159990E+00  1.8159143E+02
 8.3239994E+00  1.8163640E+02
 8.3319998E+00  1.8155222E+02
 8.3399992E+00  1.8156380E+02
 8.3479996E+00  1.8164513E+02
 8.3559999E+00  1.8169005E+02
 8.3639994E+00  1.8199554E+02
 8.3719997E+00  1.8221315E+02
 8.3799992E+00  1.8199501E+02
 8.3879995E+00  1.8194887E+02
 8.3959999E+00  1.8208363E+02
 8.4039993E+00  1.8233237E+02
 8.4119997E+00  1.8254758E+02
 8.4199991E+00  1.8243332E+02
 8.4279995E+00  1.8222656E+02
 8.4359999E+00  1.8218582E+02
 8.4439993E+00  1.8226457E+02
 8.4519997E+00  1.8247469E+02
 8.4599991E+00  1.8257362E+02
 8.4679995E+00  1.8253941E+02
 8.4759998E+00  1.8265489E+02
 8.4839993E+00  1.8280972E+02
 8.4919996E+00  1.8272249E+02
 8.4999990E+00  1.8280412E+02
 8.5079994E+00  1.8297604E+02
 8.5159998E+00  1.8320041E+02
 8.5239992E+00  1.8347903E+02
 8.5319996E+00  1.8356039E+02
 8.5400000E+00  1.8350569E+02
 8.5479994E+00  1.8349496E+02
 8.5559998E+00  1.8355728E+02
 8.5639992E+00  1.8388141E+02
 8.5719995E+00  1.8409537E+02
 8.5799999E+00  1.8417654E+02
 8.5879993E+00  1.8411673E+02
 8.5959997E+00  1.8396614E+02
 8.6039991E+00  1.8407210E+02
 8.6119995E+00  1.8434657E+02
 8.6199999E+00  1.8442729E+02
 8.6279993E+00  1.8453259E+02
 8.6359997E+00  1.8462492E+02
 8.6439991E+00  1.8455434E+02
 8.6519995E+00  1.8460362E+02
 8.6599998E+00  1.8477673E+02
 8.6679993E+00  1.8501648E+02
 8.6759996E+00  1.8512283E+02
 8.6839991E+00  1.8520303E+02
 8.6919994E+00  1.8542728E+02
 8.6999998E+00  1.8535170E+02
 8.7079992E+00  1.8550818E+02
 8.7159996E+00  1.8582333E+02
 8.7239990E+00  1.8611488E+02
 8.7319994E+00  1.8615305E+02
 8.7399998E+00  1.8624945E+02
 8.7479992E+00  1.8632645E+02
 8.7559996E+00  1.8635425E+02
 8.7639999E+00  1.8636531E+02
 8.7719994E+00  1.8634227E+02
 8.7799997E+00  1.8637642E+02
 8.7879992E+00  1.8633746E+02
 8.7959995E+00  1.8635559E+02
 8.8039999E+00  1.8637161E+02
 8.8119993E+00  1.8651062E+02
 8.8199997E+00  1.8673563E+02
 8.8279991E+00  1.8679019E+02
 8.8359995E+00  1.8676724E+02
 8.8439999E+00  1.8669562E+02
 8.8519993E+00  1.8659601E+02
 8.8599997E+00  1.8658614E+02
 8.8679991E+00  1.8660396E+02
 8.8759995E+00  1.8668883E+02
 8.8839998E+00  1.8682977E+02
 8.8919992E+00  1.8689949E+02
 8.8999996E+00  1.8712123E+02
 8.9079990E+00  1.8722789E+02
 8.9159994E+00  1.8725130E+02
 8.9239998E+00  1.8738574E+02
 8.9319992E+00  1.8747545E+02
 8.9399996E+00  1.8754823E+02
 8.9479990E+00  1.8778464E+02
 8.9559994E+00  1.8794356E+02
 8.9639997E+00  1.8806332E+02
 8.9719992E+00  1.8808778E+02
 8.9799995E+00  1.8815120E+02
 8.9879999E+00  1.8841206E+02
 8.9959993E+00  1.8868695E+02
 9.0039997E+00  1.8872987E+02
 9.0119991E+00  1.8869273E+02
 9.0199995E+00  1.8881129E+02
 9.0279999E+00  1.8906914E+02
 9.0359993E+00  1.8934660E+02
 9.0439997E+00  1.8949710E+02
 9.0519991E+00  1.8960474E+02
 9.0599995E+00  1.8955403E+02
 9.0679998E+00  1.8953528E+02
 9.0759993E+00  1.8963858E+02
 9.0839996E+00  1.8995305E+02
 9.0919991E+00  1.9009805E+02
 9.0999994E+00  1.9017940E+02
 9.1079998E+00  1.9024434E+02
 9.1159992E+00  1.9018602E+02
 9.1239996E+00  1.9045578E+02
 9.1319990E+00  1.9096439E+02
 9.1399994E+00  1.9133421E+02
 9.1479998E+00  1.9128943E+02
 9.1559992E+00  1.9117914E+02
 9.1639996E+00  1.9134435E+02
 9.1719990E+00  1.9152534E+02
 9.1799994E+00  1.9163654E+02
 9.1879997E+00  1.9193127E+02
 9.1959991E+00  1.9228075E+02
 9.2039995E+00  1.9268729E+02
 9.2119999E+00  1.9316368E+02
 9.2199993E+00  1.9345459E+02
 9.2279997E+00  1.9371394E+02
 9.2359991E+00  1.9425136E+02
 9.2439995E+00  1.9433675E+02
 9.2519999E+00  1.9371324E+02
 9.2599993E+00  1.9352560E+02
 9.2679996E+00  1.9368016E+02
 9.2759991E+00  1.9352386E+02
 9.2839994E+00  1.9326547E+02
 9.2919998E+00  1.9318434E+02
 9.2999992E+00  1.9302420E+02
 9.3079996E+00  1.9280396E+02
 9.3159990E+00  1.9276631E+02
 9.3239994E+00  1.9298587E+02
 9.3319998E+00  1.9319603E+02
 9.3399992E+00  1.9350215E+02
 9.3479996E+00  1.9390848E+02
 9.3559990E+00  1.9421294E+02
 9.3639994E+00  1.9448242E+02
 9.3719997E+00  1.9474065E+02
 9.3799992E+00  1.9501575E+02
 9.3879995E+00  1.9519214E+02
 9.3959999E+00  1.9535167E+02
 9.4039993E+00  1.9546724E+02
 9.4119997E+00  1.9538972E+02
 9.4199991E+00  1.9515768E+02
 9.4279995E+00  1.9499374E+02
 9.4359999E+00  1.9480150E+02
 9.4439993E+00  1.9472937E+02
 9.4519997E+00  1.9471289E+02
 9.4599991E+00  1.9477469E+02
 9.4679995E+00  1.9498155E+02
 9.4759998E+00  1.9514711E+02
 9.4839993E+00  1.9527325E+02
 9.4919996E+00  1.9512708E+02
 9.4999990E+00  1.9505122E+02
 9.5079994E+00  1.9507924E+02
 9.5159998E+00  1.9518732E+02
 9.5239992E+00  1.9526349E+02
 9.5319996E+00  1.9508809E+02
 9.5399990E+00  1.9480545E+02
 9.5479994E+00  1.9476836E+02
 9.5559998E+00  1.9501839E+02
 9.5639992E+00  1.9550591E+02
 9.5719995E+00  1.9601442E+02
 9.5799990E+00  1.9615663E+02
 9.5879993E+00  1.9637692E+02
 9.5959997E+00  1.9656239E+02
 9.6039991E+00  1.9680598E+02
 9.6119995E+00  1.9706644E+02
 9.6199999E+00  1.9722902E+02
 9.6279993E+00  1.9736314E+02
 9.6359997E+00  1.9767859E+02
 9.6439991E+00  1.9819582E+02
 9.6519995E+00  1.9838295E+02
 9.6599998E+00  1.9850169E+02
 9.6679993E+00  1.9863451E+02
 9.6759996E+00  1.9889827E+02
 9.6839991E+00  1.9923134E+02
 9.6919994E+00  1.9957878E+02
 9.6999998E+00  1.9971524E+02
 9.7079992E+00  1.9978188E+02
 9.7159996E+00  2.0003548E+02
 9.7239990E+00  2.0054240E+02
 9.7319994E+00  2.0119563E+02
 9.7399998E+00  2.0159909E+02
 9.7479992E+00  2.0174014E+02
 9.7559996E+00  2.0179344E+02
 9.7639990E+00  2.0208861E+02
 9.7719994E+00  2.0244072E+02
 9.7799997E+00  2.0271863E+02
 9.7879992E+00  2.0311705E+02
 9.7959995E+00  2.0354984E+02
 9.8039989E+00  2.0411217E+02
 9.8119993E+00  2.0476474E+02
 9.8199997E+00  2.0569821E+02
 9.8279991E+00  2.0697144E+02
 9.8359995E+00  2.0840854E+02
 9.8439999E+00  2.0981328E+02
 9.8519993E+00  2.1148679E+02
 9.8599997E+00  2.1379948E+02
 9.8679991E+00  2.1642177E+02
 9.8759995E+00  2.1975722E+02
 9.8839998E+00  2.2414333E+02
 9.8919992E+00  2.2987201E+02
 9.8999996E+00  2.3770938E+02
 9.9079990E+00  2.4888078E+02
 9.9159994E+00  2.6576315E+02
 9.9239998E+00  2.9377206E+02
 9.9319992E+00  3.4100879E+02
 9.9399996E+00  4.1802454E+02
 9.9479990E+00  5.4309338E+02
 9.9559994E+00  7.2699677E+02
 9.9639997E+00  9.8746234E+02
 9.9719992E+00  1.3114558E+03
 9.9799995E+00  1.6782068E+03
 9.9879990E+00  2.0104491E+03
 9.9959993E+00  2.2460249E+03
 1.0004000E+01  2.3102175E+03
 1.0011999E+01  2.2053188E+03
 1.0020000E+01  1.9682109E+03
 1.0027999E+01  1.6669417E+03
 1.0035999E+01  1.3551664E+03
 1.0044000E+01  1.0758730E+03
 1.0051999E+01  8.4673694E+02
 1.0059999E+01  6.7172766E+02
 1.0068000E+01  5.4001398E+02
 1.0075999E+01  4.4836758E+02
 1.0084000E+01  3.8503778E+02
 1.0091999E+01  3.4223114E+02
 1.0099999E+01  3.1282974E+02
 1.0108000E+01  2.9247348E+02
 1.0115999E+01  2.7732358E+02
 1.0124000E+01  2.6588541E+02
 1.0131999E+01  2.5787988E+02
 1.0139999E+01  2.5310796E+02
 1.0148000E+01  2.5148894E+02
 1.0155999E+01  2.5345682E+02
 1.0164000E+01  2.6037555E+02
 1.0171999E+01  2.7441812E+02
 1.0179999E+01  2.9911191E+02
 1.0188000E+01  3.4042798E+02
 1.0195999E+01  4.0406857E+02
 1.0204000E+01  4.9492172E+02
 1.0211999E+01  6.0969806E+02
 1.0219999E+01  7.3670111E+02
 1.0228000E+01  8.4962866E+02
 1.0235999E+01  9.2213354E+02
 1.0243999E+01  9.2514191E+02
 1.0252000E+01  8.6716467E+02
 1.0259999E+01  7.6530048E+02
 1.0268000E+01  6.5368829E+02
 1.0275999E+01  5.4785931E+02
 1.0283999E+01  4.5970819E+02
 1.0292000E+01  3.8954800E+02
 1.0299999E+01  3.3882364E+02
 1.0308000E+01  3.0308969E+02
 1.0315999E+01  2.7832498E+02
 1.0323999E+01  2.6108640E+02
 1.0332000E+01  2.4883719E+02
 1.0339999E+01  2.4038742E+02
 1.0348000E+01  2.3461940E+02
 1.0355999E+01  2.3065741E+02
 1.0363999E+01  2.2774951E+02
 1.0372000E+01  2.2565041E+02
 1.0379999E+01  2.2376796E+02
 1.0388000E+01  2.2236900E+02
 1.0395999E+01  2.2146735E+02
 1.0403999E+01  2.2070079E+02
 1.0412000E+01  2.2008090E+02
 1.0419999E+01  2.1956853E+02
 1.0427999E+01  2.1906592E+02
 1.0435999E+01  2.1855128E+02
 1.0443999E+01  2.1818671E+02
 1.0452000E+01  2.1781331E+02
 1.0459999E+01  2.1747148E+02
 1.0467999E+01  2.1723441E+02
 1.0476000E+01  2.1703629E+02
 1.0483999E+01  2.1694128E+02
 1.0492000E+01  2.1690512E+02
 1.0499999E+01  2.1698077E+02
 1.0507999E+01  2.1697176E+02
 1.0516000E+01  2.1689316E+02
 1.0523999E+01  2.1700490E+02
 1.0532000E+01  2.1707552E+02
 1.0539999E+01  2.1693915E+02
 1.0547999E+01  2.1665253E+02
 1.0556000E+01  2.1641962E+02
 1.0563999E+01  2.1644870E+02
 1.0572000E+01  2.1651846E+02
 1.0579999E+01  2.1658308E+02
 1.0587999E+01  2.1673065E+02
 1.0596000E+01  2.1703897E+02
 1.0603999E+01  2.1748085E+02
 1.0612000E+01  2.1781465E+02
 1.0619999E+01  2.1817918E+02
 1.0627999E+01  2.1830887E+02
 1.0636000E+01  2.1854305E+02
 1.0643999E+01  2.1860207E+02
 1.0651999E+01  2.1872957E+02
 1.0659999E+01  2.1896300E+02
 1.0667999E+01  2.1890565E+02
 1.0676000E+01  2.1882748E+02
 1.0683999E+01  2.1888506E+02
 1.0691999E+01  2.1918991E+02
 1.0700000E+01  2.1964073E+02
 1.0707999E+01  2.2012524E+02
 1.0716000E+01  2.2058313E+02
 1.0723999E+01  2.2101663E+02
 1.0731999E+01  2.2186128E+02
 1.0740000E+01  2.2259641E+02
 1.0747999E+01  2.2346658E+02
 1.0756000E+01  2.2456639E+02
 1.0763999E+01  2.2576065E+02
 1.0771999E+01  2.2695810E+02
 1.0780000E+01  2.2814478E+02
 1.0787999E+01  2.2946115E+02
 1.0796000E+01  2.3115979E+02
 1.0803999E+01  2.3375142E+02
 1.0811999E+01  2.3666728E+02
 1.0820000E+01  2.4010658E+02
 1.0827999E+01  2.4453996E+02
 1.0835999E+01  2.5080817E+02
 1.0843999E+01  2.5978857E+02
 1.0851999E+01  2.7331741E+02
 1.0860000E+01  2.9399173E+02
 1.0867999E+01  3.2490216E+02
 1.0875999E+01  3.7018927E+02
 1.0884000E+01  4.3268576E+02
 1.0891999E+01  5.1516071E+02
 1.0900000E+01  6.1079846E+02
 1.0907999E+01  7.0659570E+02
 1.0915999E+01  7.7867944E+02
 1.0924000E+01  8.0933276E+02
 1.0931999E+01  7.8464484E+02
 1.0940000E+01  7.2071289E+02
 1.0947999E+01  6.3444843E+02
 1.0955999E+01  5.4712701E+02
 1.0964000E+01  4.6803403E+02
 1.0971999E+01  4.0373520E+02
 1.0980000E+01  3.5335657E+02
 1.0987999E+01  3.1589505E+02
 1.0995999E+01  2.8916464E+02
 1.1004000E+01  2.7045157E+02
 1.1011999E+01  2.5718088E+02
 1.1020000E+01  2.4737935E+02
 1.1027999E+01  2.4039351E+02
 1.1035999E+01  2.3557054E+02
 1.1044000E+01  2.3222841E+02
 1.1051999E+01  2.2962299E+02
 1.1059999E+01  2.2767291E+02
 1.1067999E+01  2.2638895E+02
 1.1075999E+01  2.2548102E+02
 1.1084000E+01  2.2443100E+02
 1.1091999E+01  2.2342232E+02
 1.1099999E+01  2.2294960E+02
 1.1108000E+01  2.2260434E+02
 1.1115999E+01  2.2221365E+02
 1.1124000E+01  2.2210081E+02
 1.1131999E+01  2.2192142E+02
 1.1139999E+01  2.2168544E+02
 1.1148000E+01  2.2156787E+02
 1.1155999E+01  2.2136490E+02
 1.1164000E+01  2.2119612E+02
 1.1171999E+01  2.2105981E+02
 1.1179999E+01  2.2104318E+02
 1.1188000E+01  2.2087917E+02
 1.1195999E+01  2.2066956E+02
 1.1204000E+01  2.2070798E+02
 1.1211999E+01  2.2085509E+02
 1.1219999E+01  2.2116574E+02
 1.1228000E+01  2.2139006E+02
 1.1235999E+01  2.2155656E+02
 1.1243999E+01  2.2173981E+02
 1.1251999E+01  2.2171005E+02
 1.1259999E+01  2.2175183E+02
 1.1268000E+01  2.2187167E+02
 1.1275999E+01  2.2183331E+02
 1.1283999E+01  2.2181235E+02
 1.1291999E+01  2.2177219E+02
 1.1299999E+01  2.2190201E+02
 1.1308000E+01  2.2222308E+02
 1.1315999E+01  2.2249208E+02
 1.1323999E+01  2.2272945E+02
 1.1332000E+01  2.2281131E+02
 1.1339999E+01  2.2297708E+02
 1.1348000E+01  2.2314330E+02
 1.1355999E+01  2.2326616E+02
 1.1363999E+01  2.2342294E+02
 1.1372000E+01  2.2345476E+02
 1.1379999E+01  2.2356149E+02
 1.1388000E+01  2.2390414E+02
 1.1395999E+01  2.2415988E+02
 1.1403999E+01  2.2427649E+02
 1.1412000E+01  2.2440524E+02
 1.1419999E+01  2.2464099E+02
 1.1427999E+01  2.2476256E+02
 1.1435999E+01  2.2484506E+02
 1.1443999E+01  2.2476903E+02
 1.1452000E+01  2.2481195E+02
 1.1459999E+01  2.2518837E+02
 1.1467999E+01  2.2568909E+02
 1.1475999E+01  2.2603862E+02
 1.1483999E+01  2.2648210E+02
 1.1492000E+01  2.2680441E+02
 1.1499999E+01  2.2715569E+02
 1.1507999E+01  2.2754788E+02
 1.1515999E+01  2.2779254E+02
 1.1523999E+01  2.2811612E+02
 1.1532000E+01  2.2840094E+02
 1.1539999E+01  2.2846907E+02
 1.1547999E+01  2.2861804E+02
 1.1556000E+01  2.2890715E+02
 1.1563999E+01  2.2951006E+02
 1.1572000E+01  2.3013719E+02
 1.1579999E+01  2.3062881E+02
 1.1587999E+01  2.3105214E+02
 1.1596000E+01  2.3138785E+02
 1.1603999E+01  2.3169057E+02
 1.1612000E+01  2.3206850E+02
 1.1619999E+01  2.3257611E+02
 1.1627999E+01  2.3318411E+02
 1.1636000E+01  2.3375938E+02
 1.1643999E+01  2.3421217E+02
 1.1651999E+01  2.3502608E+02
 1.1659999E+01  2.3608296E+02
 1.1667999E+01  2.3689301E+02
 1.1676000E+01  2.3747221E+02
 1.1683999E+01  2.3818860E+02
 1.1691999E+01  2.3933141E+02
 1.1699999E+01  2.4049550E+02
 1.1707999E+01  2.4188574E+02
 1.1716000E+01  2.4332634E+02
 1.1723999E+01  2.4464548E+02
 1.1731999E+01  2.4608330E+02
 1.1740000E+01  2.4743935E+02
 1.1747999E+01  2.4901979E+02
 1.1756000E+01  2.5094492E+02
 1.1763999E+01  2.5292905E+02
 1.1771999E+01  2.5509077E+02
 1.1780000E+01  2.5746613E+02
 1.1787999E+01  2.6045151E+02
 1.1796000E+01  2.6379199E+02
 1.1803999E+01  2.6752957E+02
 1.1811999E+01  2.7192874E+02
 1.1820000E+01  2.7682346E+02
 1.1827999E+01  2.8254584E+02
 1.1835999E+01  2.8926309E+02
 1.1843999E+01  2.9739182E+02
 1.1851999E+01  3.0718756E+02
 1.1860000E+01  3.1935291E+02
 1.1867999E+01  3.3433734E+02
 1.1875999E+01  3.5391675E+02
 1.1883999E+01  3.8038464E+02
 1.1891999E+01  4.1621585E+02
 1.1900000E+01  4.6635242E+02
 1.1907999E+01  5.3909216E+02
 1.1915999E+01  6.4577173E+02
 1.1923999E+01  7.9517706E+02
 1.1931999E+01  9.9757550E+02
 1.1940000E+01  1.2519025E+03
 1.1947999E+01  1.5450118E+03
 1.1955999E+01  1.8415769E+03
 1.1964000E+01  2.0942976E+03
 1.1971999E+01  2.2388633E+03
 1.1980000E+01  2.2461809E+03
 1.1987999E+01  2.1183257E+03
 1.1995999E+01  1.8978848E+03
 1.2004000E+01  1.6314784E+03
 1.2011999E+01  1.3687604E+03
 1.2020000E+01  1.1280166E+03
 1.2027999E+01  9.2857361E+02
 1.2035999E+01  7.6632886E+02
 1.2044000E+01  6.4379327E+02
 1.2051999E+01  5.5212500E+02
 1.2059999E+01  4.8533133E+02
 1.2067999E+01  4.3481570E+02
 1.2075999E+01  3.9629224E+02
 1.2084000E+01  3.6683948E+02
 1.2091999E+01  3.4435992E+02
 1.2099999E+01  3.2683646E+02
 1.2107999E+01  3.1302420E+02
 1.2115999E+01  3.0248093E+02
 1.2124000E+01  2.9390491E+02
 1.2131999E+01  2.8674170E+02
 1.2139999E+01  2.8069382E+02
 1.2147999E+01  2.7553214E+02
 1.2155999E+01  2.7107986E+02
 1.2164000E+01  2.6714716E+02
 1.2171999E+01  2.6385196E+02
 1.2179999E+01  2.6118744E+02
 1.2188000E+01  2.5894946E+02
 1.2195999E+01  2.5685394E+02
 1.2204000E+01  2.5490463E+02
 1.2211999E+01  2.5322482E+02
 1.2219999E+01  2.5169487E+02
 1.2228000E+01  2.5056865E+02
 1.2235999E+01  2.4953798E+02
 1.2243999E+01  2.4851813E+02
 1.2251999E+01  2.4751970E+02
 1.2259999E+01  2.4654138E+02
 1.2268000E+01  2.4550623E+02
 1.2275999E+01  2.4452930E+02
 1.2283999E+01  2.4396176E+02
 1.2291999E+01  2.4348486E+02
 1.2299999E+01  2.4305392E+02
 1.2308000E+01  2.4257857E+02
 1.2315999E+01  2.4217450E+02
 1.2323999E+01  2.4180292E+02
 1.2331999E+01  2.4141096E+02
 1.2339999E+01  2.4088712E+02
 1.2348000E+01  2.4047389E+02
 1.2355999E+01  2.4014229E+02
 1.2363999E+01  2.3993564E+02
 1.2371999E+01  2.3991434E+02
 1.2379999E+01  2.4002699E+02
 1.2388000E+01  2.3986781E+02
 1.2395999E+01  2.3941299E+02
 1.2403999E+01  2.3886848E+02
 1.2412000E+01  2.3833728E+02
 1.2419999E+01  2.3811481E+02
 1.2427999E+01  2.3794217E+02
 1.2435999E+01  2.3768062E+02
 1.2443999E+01  2.3747818E+02
 1.2452000E+01  2.3742047E+02
 1.2459999E+01  2.3734218E+02
 1.2467999E+01  2.3736754E+02
 1.2475999E+01  2.3734740E+02
 1.2483999E+01  2.3715027E+02
 1.2492000E+01  2.3708182E+02
 1.2499999E+01  2.3698022E+02
 1.2507999E+01  2.3685655E+02
 1.2515999E+01  2.3689105E+02
 1.2523999E+01  2.3665993E+02
 1.2532000E+01  2.3641772E+02
 1.2539999E+01  2.3623857E+02
 1.2547999E+01  2.3605548E+02
 1.2555999E+01  2.3609018E+02
 1.2563999E+01  2.3616124E+02
 1.2572000E+01  2.3626900E+02
 1.2579999E+01  2.3625664E+02
 1.2587999E+01  2.3597046E+02
 1.2596000E+01  2.3589749E+02
 1.2603999E+01  2.3599490E+02
 1.2612000E+01  2.3606851E+02
 1.2619999E+01  2.3626347E+02
 1.2627999E+01  2.3641278E+02
 1.2636000E+01  2.3655440E+02
 1.2643999E+01  2.3646654E+02
 1.2651999E+01  2.3647958E+02
 1.2659999E+01  2.3652615E+02
 1.2667999E+01  2.3649907E+02
 1.2676000E+01  2.3651434E+02
 1.2683999E+01  2.3655574E+02
 1.2691999E+01  2.3659433E+02
 1.2699999E+01  2.3663408E+02
 1.2707999E+01  2.3658450E+02
 1.2716000E+01  2.3658647E+02
 1.2723999E+01  2.3670152E+02
 1.2731999E+01  2.3677179E+02
 1.2739999E+01  2.3679781E+02
 1.2747999E+01  2.3678377E+02
 1.2756000E+01  2.3682350E+02
 1.2763999E+01  2.3694455E+02
 1.2771999E+01  2.3700926E+02
 1.2779999E+01  2.3704207E+02
 1.2787999E+01  2.3689928E+02
 1.2796000E+01  2.3667999E+02
 1.2803999E+01  2.3654990E+02
 1.2811999E+01  2.3653058E+02
 1.2820000E+01  2.3658363E+02
 1.2827999E+01  2.3645380E+02
 1.2835999E+01  2.3652928E+02
 1.2843999E+01  2.3678290E+02
 1.2851999E+01  2.3703922E+02
 1.2860000E+01  2.3725537E+02
 1.2867999E+01  2.3736075E+02
 1.2875999E+01  2.3735977E+02
 1.2883999E+01  2.3728780E+02
 1.2891999E+01  2.3722530E+02
 1.2900000E+01  2.3735913E+02
 1.2907999E+01  2.3771912E+02
 1.2915999E+01  2.3821689E+02
 1.2923999E+01  2.3838739E+02
 1.2931999E+01  2.3847250E+02
 1.2940000E+01  2.3861794E+02
 1.2947999E+01  2.3864668E+02
 1.2955999E+01  2.3874031E+02
 1.2963999E+01  2.3851439E+02
 1.2971999E+01  2.3846814E+02
 1.2980000E+01  2.3868018E+02
 1.2987999E+01  2.3888028E+02
 1.2995999E+01  2.3898148E+02
 1.3003999E+01  2.3909927E+02
 1.3011999E+01  2.3946793E+02
 1.3020000E+01  2.3979701E+02
 1.3027999E+01  2.4007018E+02
 1.3035999E+01  2.4008942E+02
 1.3044000E+01  2.4007994E+02
 1.3051999E+01  2.4016537E+02
 1.3059999E+01  2.4042711E+02
 1.3067999E+01  2.4075259E+02
 1.3075999E+01  2.4120741E+02
 1.3084000E+01  2.4208488E+02
 1.3091999E+01  2.4306017E+02
 1.3099999E+01  2.4420634E+02
 1.3107999E+01  2.4556314E+02
 1.3115999E+01  2.4718376E+02
 1.3124000E+01  2.4944997E+02
 1.3131999E+01  2.5210887E+02
 1.3139999E+01  2.5473605E+02
 1.3147999E+01  2.5692764E+02
 1.3155999E+01  2.5859329E+02
 1.3164000E+01  2.5943640E+02
 1.3171999E+01  2.5932071E+02
 1.3179999E+01  2.5844183E+02
 1.3187999E+01  2.5694620E+02
 1.3195999E+01  2.5491888E+02
 1.3204000E+01  2.5284866E+02
 1.3211999E+01  2.5076553E+02
 1.3219999E+01  2.4866589E+02
 1.3227999E+01  2.4703017E+02
 1.3235999E+01  2.4581776E+02
 1.3243999E+01  2.4498386E+02
 1.3251999E+01  2.4459650E+02
 1.3259999E+01  2.4428036E+02
 1.3268000E+01  2.4402419E+02
 1.3275999E+01  2.4414270E+02
 1.3283999E+01  2.4458699E+02
 1.3291999E+01  2.4520538E+02
 1.3299999E+01  2.4580644E+02
 1.3308000E+01  2.4598251E+02
 1.3315999E+01  2.4588361E+02
 1.3323999E+01  2.4543486E+02
 1.3331999E+01  2.4475955E+02
 1.3339999E+01  2.4421172E+02
 1.3348000E+01  2.4362779E+02
 1.3355999E+01  2.4316977E+02
 1.3363999E+01  2.4252678E+02
 1.3371999E+01  2.4194850E+02
 1.3379999E+01  2.4179536E+02
 1.3388000E+01  2.4177313E+02
 1.3395999E+01  2.4173753E+02
 1.3403999E+01  2.4157381E+02
 1.3411999E+01  2.4160928E+02
 1.3419999E+01  2.4171971E+02
 1.3427999E+01  2.4156586E+02
 1.3435999E+01  2.4172919E+02
 1.3443999E+01  2.4200380E+02
 1.3452000E+01  2.4213899E+02
 1.3459999E+01  2.4226476E+02
 1.3467999E+01  2.4228900E+02
 1.3475999E+01  2.4239044E+02
 1.3483999E+01  2.4245784E+02
 1.3492000E+01  2.4251674E+02
 1.3499999E+01  2.4247136E+02
 1.3507999E+01  2.4236830E+02
 1.3515999E+01  2.4225519E+02
 1.3523999E+01  2.4231427E+02
 1.3532000E+01  2.4259120E+02
 1.3539999E+01  2.4279732E+02
 1.3547999E+01  2.4302989E+02
 1.3555999E+01  2.4317606E+02
 1.3563999E+01  2.4314174E+02
 1.3572000E+01  2.4303523E+02
 1.3579999E+01  2.4298872E+02
 1.3587999E+01  2.4314302E+02
 1.3595999E+01  2.4334886E+02
 1.3603999E+01  2.4341917E+02
 1.3612000E+01  2.4341571E+02
 1.3619999E+01  2.4349086E+02
 1.3627999E+01  2.4344252E+02
 1.3635999E+01  2.4363762E+02
 1.3643999E+01  2.4363310E+02
 1.3651999E+01  2.4348930E+02
 1.3659999E+01  2.4359087E+02
 1.3667999E+01  2.4371483E+02
 1.3676000E+01  2.4386446E+02
 1.3683999E+01  2.4393507E+02
 1.3691999E+01  2.4405257E+02
 1.3699999E+01  2.4429680E+02
 1.3707999E+01  2.4458830E+02
 1.3716000E+01  2.4483855E+02
 1.3723999E+01  2.4497638E+02
 1.3731999E+01  2.4503267E+02
 1.3739999E+01  2.4519350E+02
 1.3747999E+01  2.4530486E+02
 1.3756000E+01  2.4533803E+02
 1.3763999E+01  2.4535899E+02
 1.3771999E+01  2.4552777E+02
 1.3779999E+01  2.4575778E+02
 1.3787999E+01  2.4586475E+02
 1.3796000E+01  2.4586798E+02
 1.3803999E+01  2.4602025E+02
 1.3811999E+01  2.4624815E+02
 1.3819999E+01  2.4638168E+02
 1.3827999E+01  2.4640245E+02
 1.3835999E+01  2.4639957E+02
 1.3843999E+01  2.4651582E+02
 1.3851999E+01  2.4683815E+02
 1.3859999E+01  2.4697908E+02
 1.3867999E+01  2.4698438E+02
 1.3875999E+01  2.4697166E+02
 1.3883999E+01  2.4684946E+02
 1.3891999E+01  2.4678928E+02
 1.3900000E+01  2.4679832E+02
 1.3907999E+01  2.4704291E+02
 1.3915999E+01  2.4709167E+02
 1.3923999E+01  2.4710094E+02
 1.3931999E+01  2.4721819E+02
 1.3940000E+01  2.4743549E+02
 1.3947999E+01  2.4759862E+02
 1.3955999E+01  2.4746629E+02
 1.3963999E+01  2.4745616E+02
 1.3971999E+01  2.4774568E+02
 1.3980000E+01  2.4795483E+02
 1.3987999E+01  2.4812448E+02
 1.3995999E+01  2.4835510E+02
 1.4003999E+01  2.4864372E+02
 1.4011999E+01  2.4901138E+02
 1.4020000E+01  2.4922040E+02
 1.4027999E+01  2.4935626E+02
 1.4035999E+01  2.4948991E+02
 1.4043999E+01  2.4978166E+02
 1.4051999E+01  2.5024524E+02
 1.4059999E+01  2.5042288E+02
 1.4067999E+01  2.5059799E+02
 1.4075999E+01  2.5089967E+02
 1.4084000E+01  2.5103975E+02
 1.4091999E+01  2.5134917E+02
 1.4099999E+01  2.5165076E+02
 1.4107999E+01  2.5183313E+02
 1.4115999E+01  2.5189587E+02
 1.4124000E+01  2.5189760E+02
 1.4131999E+01  2.5197868E+02
 1.4139999E+01  2.5225143E+02
 1.4147999E+01  2.5254320E+02
 1.4155999E+01  2.5245636E+02
 1.4164000E+01  2.5239694E+02
 1.4171999E+01  2.5225385E+02
 1.4179999E+01  2.5217114E+02
 1.4187999E+01  2.5221530E+02
 1.4195999E+01  2.5217061E+02
 1.4204000E+01  2.5200638E+02
 1.4211999E+01  2.5185469E+02
 1.4219999E+01  2.5204402E+02
 1.4227999E+01  2.5234703E+02
 1.4235999E+01  2.5225835E+02
 1.4243999E+01  2.5217079E+02
 1.4251999E+01  2.5210094E+02
 1.4259999E+01  2.5214453E+02
 1.4267999E+01  2.5242677E+02
 1.4275999E+01  2.5259286E+02
 1.4283999E+01  2.5281055E+02
 1.4291999E+01  2.5293166E+02
 1.4299999E+01  2.5286716E+02
 1.4308000E+01  2.5282536E+02
 1.4315999E+01  2.5276642E+02
 1.4323999E+01  2.5274791E+02
 1.4331999E+01  2.5273697E+02
 1.4339999E+01  2.5275128E+02
 1.4348000E+01  2.5291010E+02
 1.4355999E+01  2.5313454E+02
 1.4363999E+01  2.5327162E+02
 1.4371999E+01  2.5333658E+02
 1.4379999E+01  2.5351312E+02
 1.4388000E+01  2.5362730E+02
 1.4395999E+01  2.5373849E+02
 1.4403999E+01  2.5398291E+02
 1.4411999E+01  2.5412799E+02
 1.4419999E+01  2.5435353E+02
 1.4427999E+01  2.5468491E+02
 1.4435999E+01  2.5485208E+02
 1.4443999E+01  2.5505051E+02
 1.4451999E+01  2.5505310E+02
 1.4459999E+01  2.5508124E+02
 1.4467999E+01  2.5525246E+02
 1.4475999E+01  2.5563536E+02
 1.4483999E+01  2.5588980E+02
 1.4491999E+01  2.5606644E+02
 1.4499999E+01  2.5617538E+02
 1.4507999E+01  2.5633441E+02
 1.4515999E+01  2.5654883E+02
 1.4523999E+01  2.5655823E+02
 1.4532000E+01  2.5664127E+02
 1.4539999E+01  2.5672437E+02
 1.4547999E+01  2.5707498E+02
 1.4555999E+01  2.5753082E+02
 1.4563999E+01  2.5786899E+02
 1.4572000E+01  2.5864877E+02
 1.4579999E+01  2.5942990E+02
 1.4587999E+01  2.6014587E+02
 1.4595999E+01  2.6098868E+02
 1.4603999E+01  2.6164737E+02
 1.4612000E+01  2.6232315E+02
 1.4619999E+01  2.6297079E+02
 1.4627999E+01  2.6362485E+02
 1.4635999E+01  2.6430917E+02
 1.4643999E+01  2.6510889E+02
 1.4651999E+01  2.6596234E+02
 1.4659999E+01  2.6710245E+02
 1.4667999E+01  2.6853040E+02
 1.4675999E+01  2.6997156E+02
 1.4683999E+01  2.7169830E+02
 1.4691999E+01  2.7344070E+02
 1.4699999E+01  2.7533511E+02
 1.4707999E+01  2.7749399E+02
 1.4715999E+01  2.8013193E+02
 1.4723999E+01  2.8341724E+02
 1.4731999E+01  2.8752893E+02
 1.4739999E+01  2.9217407E+02
 1.4747999E+01  2.9790009E+02
 1.4756000E+01  3.0533020E+02
 1.4763999E+01  3.1497089E+02
 1.4771999E+01  3.2811618E+02
 1.4779999E+01  3.4597668E+02
 1.4787999E+01  3.7171774E+02
 1.4796000E+01  4.0833865E+02
 1.4803999E+01  4.5931354E+02
 1.4811999E+01  5.2409229E+02
 1.4819999E+01  6.0193390E+02
 1.4827999E+01  6.9026563E+02
 1.4835999E+01  7.7836041E+02
 1.4843999E+01  8.4855945E+02
 1.4851999E+01  8.8883575E+02
 1.4859999E+01  8.9189099E+02
 1.4867999E+01  8.5378174E+02
 1.4875999E+01  7.8978748E+02
 1.4883999E+01  7.0901483E+02
 1.4891999E+01  6.2659332E+02
 1.4899999E+01  5.5145276E+02
 1.4907999E+01  4.8783658E+02
 1.4915999E+01  4.3693930E+02
 1.4923999E+01  3.9664914E+02
 1.4931999E+01  3.6584296E+02
 1.4940000E+01  3.4304053E+02
 1.4947999E+01  3.2653683E+02
 1.4955999E+01  3.1381476E+02
 1.4963999E+01  3.0351938E+02
 1.4971999E+01  2.9554492E+02
 1.4980000E+01  2.8910660E+02
 1.4987999E+01  2.8432089E+02
 1.4995999E+01  2.8056647E+02
 1.5003999E+01  2.7760083E+02
 1.5011999E+01  2.7498889E+02
 1.5020000E+01  2.7296182E+02
 1.5027999E+01  2.7136996E+02
 1.5035999E+01  2.7003152E+02
 1.5043999E+01  2.6876923E+02
 1.5051999E+01  2.6771790E+02
 1.5059999E+01  2.6669913E+02
 1.5067999E+01  2.6539563E+02
 1.5075999E+01  2.6425751E+02
 1.5083999E+01  2.6335489E+02
 1.5091999E+01  2.6260815E+02
 1.5099999E+01  2.6198236E+02
 1.5107999E+01  2.6154196E+02
 1.5115999E+01  2.6112411E+02
 1.5123999E+01  2.6081494E+02
 1.5131999E+01  2.6058905E+02
 1.5139999E+01  2.6025525E+02
 1.5147999E+01  2.6001492E+02
 1.5155999E+01  2.5980850E+02
 1.5164000E+01  2.5951727E+02
 1.5171999E+01  2.5936331E+02
 1.5179999E+01  2.5916095E+02
 1.5187999E+01  2.5884711E+02
 1.5195999E+01  2.5867368E+02
 1.5204000E+01  2.5875610E+02
 1.5211999E+01  2.5875540E+02
 1.5219999E+01  2.5866782E+02
 1.5227999E+01  2.5863617E+02
 1.5235999E+01  2.5838379E+02
 1.5243999E+01  2.5815652E+02
 1.5251999E+01  2.5811887E+02
 1.5259999E+01  2.5817957E+02
 1.5267999E+01  2.5827753E+02
 1.5275999E+01  2.5842468E+02
 1.5283999E+01  2.5827457E+02
 1.5291999E+01  2.5802087E+02
 1.5299999E+01  2.5794400E+02
 1.5307999E+01  2.5807394E+02
 1.5315999E+01  2.5815817E+02
 1.5323999E+01  2.5811026E+02
 1.5331999E+01  2.5806714E+02
 1.5339999E+01  2.5800177E+02
 1.5347999E+01  2.5799353E+02
 1.5355999E+01  2.5805673E+02
 1.5363999E+01  2.5794870E+02
 1.5371999E+01  2.5759027E+02
 1.5379999E+01  2.5734607E+02
 1.5388000E+01  2.5719501E+02
 1.5395999E+01  2.5697443E+02
 1.5403999E+01  2.5681848E+02
 1.5411999E+01  2.5678018E+02
 1.5419999E+01  2.5672903E+02
 1.5427999E+01  2.5665573E+02
 1.5435999E+01  2.5654376E+02
 1.5443999E+01  2.5653391E+02
 1.5451999E+01  2.5670825E+02
 1.5459999E+01  2.5696881E+02
 1.5467999E+01  2.5707150E+02
 1.5475999E+01  2.5725354E+02
 1.5483999E+01  2.5760834E+02
 1.5491999E+01  2.5775894E+02
 1.5499999E+01  2.5783148E+02
 1.5507999E+01  2.5795660E+02
 1.5515999E+01  2.5788998E+02
 1.5523999E+01  2.5753226E+02
 1.5531999E+01  2.5732767E+02
 1.5539999E+01  2.5737448E+02
 1.5547999E+01  2.5757556E+02
 1.5555999E+01  2.5773911E+02
 1.5563999E+01  2.5795935E+02
 1.5571999E+01  2.5815082E+02
 1.5579999E+01  2.5820178E+02
 1.5587999E+01  2.5841974E+02
 1.5595999E+01  2.5847098E+02
 1.5603999E+01  2.5838449E+02
 1.5612000E+01  2.5832797E+02
 1.5619999E+01  2.5817343E+02
 1.5627999E+01  2.5816379E+02
 1.5635999E+01  2.5809601E+02
 1.5643999E+01  2.5800427E+02
 1.5651999E+01  2.5805011E+02
 1.5659999E+01  2.5807266E+02
 1.5667999E+01  2.5806216E+02
 1.5675999E+01  2.5818304E+02
 1.5683999E+01  2.5832312E+02
 1.5691999E+01  2.5823816E+02
 1.5699999E+01  2.5824844E+02
 1.5707999E+01  2.5842981E+02
 1.5715999E+01  2.5850061E+02
 1.5723999E+01  2.5838150E+02
 1.5731999E+01  2.5815814E+02
 1.5739999E+01  2.5820038E+02
 1.5747999E+01  2.5839709E+02
 1.5755999E+01  2.5857025E+02
 1.5763999E+01  2.5863406E+02
 1.5771999E+01  2.5883997E+02
 1.5779999E+01  2.5909485E+02
 1.5787999E+01  2.5913501E+02
 1.5796000E+01  2.5916467E+02
 1.5803999E+01  2.5908084E+02
 1.5811999E+01  2.5915961E+02
 1.5819999E+01  2.5930527E+02
 1.5827999E+01  2.5974710E+02
 1.5835999E+01  2.5989267E+02
 1.5843999E+01  2.5969540E+02
 1.5851999E+01  2.5968039E+02
 1.5859999E+01  2.5964600E+02
 1.5867999E+01  2.5976373E+02
 1.5875999E+01  2.6000076E+02
 1.5883999E+01  2.6000269E+02
 1.5891999E+01  2.5978827E+02
 1.5899999E+01  2.5968478E+02
 1.5907999E+01  2.5983167E+02
 1.5915999E+01  2.5989023E+02
 1.5923999E+01  2.5985498E+02
 1.5931999E+01  2.5993005E+02
 1.5939999E+01  2.6029288E+02
 1.5947999E+01  2.6054254E+02
 1.5955999E+01  2.6047968E+02
 1.5963999E+01  2.6037491E+02
 1.5971999E+01  2.6043900E+02
 1.5979999E+01  2.6053766E+02
 1.5987999E+01  2.6051190E+02
 1.5995999E+01  2.6049829E+02
 1.6004000E+01  2.6034052E+02
 1.6011999E+01  2.6008917E+02
 1.6019999E+01  2.5999548E+02
 1.6028000E+01  2.5997287E+02
 1.6035999E+01  2.6000980E+02
 1.6043999E+01  2.6019522E+02
 1.6051998E+01  2.6063531E+02
 1.6059999E+01  2.6101004E+02
 1.6067999E+01  2.6126196E+02
 1.6075998E+01  2.6156100E+02
 1.6084000E+01  2.6164719E+02
 1.6091999E+01  2.6173529E+02
 1.6099998E+01  2.6192447E+02
 1.6108000E+01  2.6210437E+02
 1.6115999E+01  2.6221979E+02
 1.6123999E+01  2.6217978E+02
 1.6132000E+01  2.6202975E+02
 1.6139999E+01  2.6199261E+02
 1.6147999E+01  2.6197583E+02
 1.6155998E+01  2.6181668E+02
 1.6164000E+01  2.6190509E+02
 1.6171999E+01  2.6213290E+02
 1.6179998E+01  2.6234601E+02
 1.6188000E+01  2.6256497E+02
 1.6195999E+01  2.6248651E+02
 1.6203999E+01  2.6245468E+02
 1.6212000E+01  2.6260501E+02
 1.6219999E+01  2.6257410E+02
 1.6227999E+01  2.6226868E+02
 1.6235998E+01  2.6221567E+02
 1.6243999E+01  2.6233612E+02
 1.6251999E+01  2.6231161E+02
 1.6259998E+01  2.6226990E+02
 1.6268000E+01  2.6226758E+02
 1.6275999E+01  2.6236331E+02
 1.6283998E+01  2.6255109E+02
 1.6292000E+01  2.6273322E+02
 1.6299999E+01  2.6298105E+02
 1.6307999E+01  2.6331122E+02
 1.6315998E+01  2.6358078E+02
 1.6323999E+01  2.6375711E+02
 1.6331999E+01  2.6402457E+02
 1.6339998E+01  2.6433945E+02
 1.6348000E+01  2.6463760E+02
 1.6355999E+01  2.6498026E+02
 1.6363998E+01  2.6523984E+02
 1.6372000E+01  2.6530435E+02
 1.6379999E+01  2.6538803E+02
 1.6387999E+01  2.6576892E+02
 1.6396000E+01  2.6628668E+02
 1.6403999E+01  2.6659219E+02
 1.6411999E+01  2.6687579E+02
 1.6419998E+01  2.6728906E+02
 1.6427999E+01  2.6789456E+02
 1.6435999E+01  2.6852661E+02
 1.6443998E+01  2.6929028E+02
 1.6452000E+01  2.7030133E+02
 1.6459999E+01  2.7178415E+02
 1.6467999E+01  2.7399631E+02
 1.6476000E+01  2.7661975E+02
 1.6483999E+01  2.8068835E+02
 1.6491999E+01  2.8641626E+02
 1.6499998E+01  2.9442844E+02
 1.6507999E+01  3.0488437E+02
 1.6515999E+01  3.1668060E+02
 1.6523998E+01  3.2996915E+02
 1.6532000E+01  3.4048993E+02
 1.6539999E+01  3.4972943E+02
 1.6547998E+01  3.5326529E+02
 1.6556000E+01  3.5173813E+02
 1.6563999E+01  3.4649445E+02
 1.6571999E+01  3.3701358E+02
 1.6580000E+01  3.2693475E+02
 1.6587999E+01  3.1512775E+02
 1.6595999E+01  3.0534732E+02
 1.6603998E+01  2.9666479E+02
 1.6612000E+01  2.8988678E+02
 1.6619999E+01  2.8475775E+02
 1.6627998E+01  2.8070810E+02
 1.6636000E+01  2.7762860E+02
 1.6643999E+01  2.7520450E+02
 1.6651999E+01  2.7352472E+02
 1.6660000E+01  2.7220065E+02
 1.6667999E+01  2.7157224E+02
 1.6675999E+01  2.7108832E+02
 1.6683998E+01  2.7065567E+02
 1.6691999E+01  2.7016208E+02
 1.6699999E+01  2.6962836E+02
 1.6707998E+01  2.6929413E+02
 1.6716000E+01  2.6899408E+02
 1.6723999E+01  2.6864630E+02
 1.6731998E+01  2.6841934E+02
 1.6740000E+01  2.6838721E+02
 1.6747999E+01  2.6827762E+02
 1.6755999E+01  2.6829089E+02
 1.6764000E+01  2.6840582E+02
 1.6771999E+01  2.6829443E+02
 1.6779999E+01  2.6818240E+02
 1.6787998E+01  2.6825473E+02
 1.6796000E+01  2.6833087E+02
 1.6803999E+01  2.6824857E+02
 1.6811998E+01  2.6818344E+02
 1.6820000E+01  2.6829599E+02
 1.6827999E+01  2.6834854E+02
 1.6835999E+01  2.6837085E+02
 1.6844000E+01  2.6832550E+02
 1.6851999E+01  2.6834369E+02
 1.6859999E+01  2.6847443E+02
 1.6867998E+01  2.6852676E+02
 1.6875999E+01  2.6852240E+02
 1.6883999E+01  2.6862997E+02
 1.6891998E+01  2.6889630E+02
 1.6900000E+01  2.6919128E+02
 1.6907999E+01  2.6935480E+02
 1.6915998E+01  2.6955255E+02
 1.6924000E+01  2.6993649E+02
 1.6931999E+01  2.7026324E+02
 1.6939999E+01  2.7039120E+02
 1.6947998E+01  2.7050998E+02
 1.6955999E+01  2.7065234E+02
 1.6963999E+01  2.7077432E+02
 1.6971998E+01  2.7118768E+02
 1.6980000E+01  2.7151620E+02
 1.6987999E+01  2.7162308E+02
 1.6995998E+01  2.7182080E+02
 1.7004000E+01  2.7195776E+02
 1.7011999E+01  2.7230591E+02
 1.7019999E+01  2.7269849E+02
 1.7028000E+01  2.7295654E+02
 1.7035999E+01  2.7333911E+02
 1.7043999E+01  2.7369098E+02
 1.7051998E+01  2.7414789E+02
 1.7059999E+01  2.7472513E+02
 1.7067999E+01  2.7515533E+02
 1.7075998E+01  2.7540540E+02
 1.7084000E+01  2.7587558E+02
 1.7091999E+01  2.7644577E+02
 1.7099998E+01  2.7703705E+02
 1.7108000E+01  2.7758633E+02
 1.7115999E+01  2.7820270E+02
 1.7123999E+01  2.7901834E+02
 1.7131998E+01  2.7986597E+02
 1.7139999E+01  2.8099637E+02
 1.7147999E+01  2.8220078E+02
 1.7155998E+01  2.8335507E+02
 1.7164000E+01  2.8472693E+02
 1.7171999E+01  2.8650641E+02
 1.7179998E+01  2.8865851E+02
 1.7188000E+01  2.9109851E+02
 1.7195999E+01  2.9403970E+02
 1.7203999E+01  2.9750421E+02
 1.7212000E+01  3.0180981E+02
 1.7219999E+01  3.0729166E+02
 1.7227999E+01  3.1402386E+02
 1.7235998E+01  3.2270038E+02
 1.7243999E+01  3.3365421E+02
 1.7251999E+01  3.4764969E+02
 1.7259998E+01  3.6625537E+02
 1.7268000E+01  3.9321024E+02
 1.7275999E+01  4.3435773E+02
 1.7283998E+01  4.9551874E+02
 1.7292000E+01  5.8356439E+02
 1.7299999E+01  7.0301721E+02
 1.7307999E+01  8.5789453E+02
 1.7315998E+01  1.0442690E+03
 1.7323999E+01  1.2541326E+03
 1.7331999E+01  1.4747722E+03
 1.7339998E+01  1.6795424E+03
 1.7348000E+01  1.8385787E+03
 1.7355999E+01  1.9195487E+03
 1.7363998E+01  1.9056418E+03
 1.7372000E+01  1.8017755E+03
 1.7379999E+01  1.6303608E+03
 1.7387999E+01  1.4248241E+03
 1.7396000E+01  1.2123793E+03
 1.7403999E+01  1.0169477E+03
 1.7411999E+01  8.4859088E+02
 1.7419998E+01  7.1259540E+02
 1.7427999E+01  6.0723279E+02
 1.7435999E+01  5.2760162E+02
 1.7443998E+01  4.6949161E+02
 1.7452000E+01  4.2755222E+02
 1.7459999E+01  3.9876050E+02
 1.7467999E+01  3.7788553E+02
 1.7476000E+01  3.6138397E+02
 1.7483999E+01  3.4914694E+02
 1.7491999E+01  3.3990640E+02
 1.7499998E+01  3.3208905E+02
 1.7507999E+01  3.2630115E+02
 1.7515999E+01  3.2239804E+02
 1.7523998E+01  3.1973859E+02
 1.7532000E+01  3.1836783E+02
 1.7539999E+01  3.1773480E+02
 1.7547998E+01  3.1763818E+02
 1.7556000E+01  3.1760214E+02
 1.7563999E+01  3.1743103E+02
 1.7571999E+01  3.1708542E+02
 1.7579998E+01  3.1635904E+02
 1.7587999E+01  3.1497592E+02
 1.7595999E+01  3.1280200E+02
 1.7603998E+01  3.0982092E+02
 1.7612000E+01  3.0674216E+02
 1.7619999E+01  3.0385184E+02
 1.7627998E+01  3.0098920E+02
 1.7636000E+01  2.9822922E+02
 1.7643999E+01  2.9610010E+02
 1.7651999E+01  2.9448499E+02
 1.7660000E+01  2.9323019E+02
 1.7667999E+01  2.9232700E+02
 1.7675999E+01  2.9146967E+02
 1.7683998E+01  2.9104938E+02
 1.7691999E+01  2.9102161E+02
 1.7699999E+01  2.9112897E+02
 1.7707998E+01  2.9136603E+02
 1.7716000E+01  2.9165564E+02
 1.7723999E+01  2.9187726E+02
 1.7731998E+01  2.9254639E+02
 1.7740000E+01  2.9379321E+02
 1.7747999E+01  2.9538983E+02
 1.7755999E+01  2.9721558E+02
 1.7763998E+01  2.9934802E+02
 1.7771999E+01  3.0201990E+02
 1.7779999E+01  3.0538571E+02
 1.7787998E+01  3.0989853E+02
 1.7796000E+01  3.1583237E+02
 1.7803999E+01  3.2396661E+02
 1.7811998E+01  3.3547232E+02
 1.7820000E+01  3.5136670E+02
 1.7827999E+01  3.7438126E+02
 1.7835999E+01  4.0846426E+02
 1.7844000E+01  4.5758942E+02
 1.7851999E+01  5.2396552E+02
 1.7859999E+01  6.1063196E+02
 1.7867998E+01  7.1627673E+02
 1.7875999E+01  8.3893079E+02
 1.7883999E+01  9.7240265E+02
 1.7891998E+01  1.1012279E+03
 1.7900000E+01  1.2084191E+03
 1.7907999E+01  1.2654164E+03
 1.7915998E+01  1.2601650E+03
 1.7924000E+01  1.1928806E+03
 1.7931999E+01  1.0824083E+03
 1.7939999E+01  9.5143030E+02
 1.7947998E+01  8.1713361E+02
 1.7955999E+01  6.9631506E+02
 1.7963999E+01  5.9385040E+02
 1.7971998E+01  5.1234644E+02
 1.7980000E+01  4.5018640E+02
 1.7987999E+01  4.0374338E+02
 1.7995998E+01  3.7013168E+02
 1.8004000E+01  3.4622043E+02
 1.8011999E+01  3.2992502E+02
 1.8019999E+01  3.1841257E+02
 1.8027998E+01  3.0960248E+02
 1.8035999E+01  3.0275977E+02
 1.8043999E+01  2.9757635E+02
 1.8051998E+01  2.9356540E+02
 1.8059999E+01  2.9027606E+02
 1.8067999E+01  2.8767706E+02
 1.8075998E+01  2.8570773E+02
 1.8084000E+01  2.8402524E+02
 1.8091999E+01  2.8261450E+02
 1.8099998E+01  2.8142694E+02
 1.8108000E+01  2.8030496E+02
 1.8115999E+01  2.7938876E+02
 1.8123999E+01  2.7867926E+02
 1.8131998E+01  2.7815906E+02
 1.8139999E+01  2.7752618E+02
 1.8147999E+01  2.7710281E+02
 1.8155998E+01  2.7680728E+02
 1.8164000E+01  2.7625778E+02
 1.8171999E+01  2.7579803E+02
 1.8179998E+01  2.7578113E+02
 1.8188000E+01  2.7576321E+02
 1.8195999E+01  2.7530521E+02
 1.8203999E+01  2.7499976E+02
 1.8211998E+01  2.7464081E+02
 1.8219999E+01  2.7415298E+02
 1.8227999E+01  2.7368106E+02
 1.8235998E+01  2.7319736E+02
 1.8243999E+01  2.7303577E+02
 1.8251999E+01  2.7317172E+02
 1.8259998E+01  2.7343704E+02
 1.8268000E+01  2.7371063E+02
 1.8275999E+01  2.7389575E+02
 1.8283998E+01  2.7426639E+02
 1.8292000E+01  2.7498508E+02
 1.8299999E+01  2.7613019E+02
 1.8307999E+01  2.7784863E+02
 1.8315998E+01  2.7981461E+02
 1.8323999E+01  2.8166779E+02
 1.8331999E+01  2.8367047E+02
 1.8339998E+01  2.8533643E+02
 1.8348000E+01  2.8646100E+02
 1.8355999E+01  2.8704028E+02
 1.8363998E+01  2.8649503E+02
 1.8372000E+01  2.8554651E+02
 1.8379999E+01  2.8404587E+02
 1.8387999E+01  2.8230014E+02
 1.8395998E+01  2.8047849E+02
 1.8403999E+01  2.7852234E+02
 1.8411999E+01  2.7709543E+02
 1.8419998E+01  2.7592606E+02
 1.8427999E+01  2.7493396E+02
 1.8435999E+01  2.7392908E+02
 1.8443998E+01  2.7316882E+02
 1.8452000E+01  2.7254947E+02
 1.8459999E+01  2.7207291E+02
 1.8467999E+01  2.7198517E+02
 1.8476000E+01  2.7179376E+02
 1.8483999E+01  2.7152600E+02
 1.8491999E+01  2.7155933E+02
 1.8499998E+01  2.7157291E+02
 1.8507999E+01  2.7145874E+02
 1.8515999E+01  2.7134558E+02
 1.8523998E+01  2.7126151E+02
 1.8532000E+01  2.7114539E+02
 1.8539999E+01  2.7118823E+02
 1.8547998E+01  2.7125378E+02
 1.8556000E+01  2.7102203E+02
 1.8563999E+01  2.7075552E+02
 1.8571999E+01  2.7085760E+02
 1.8579998E+01  2.7119040E+02
 1.8587999E+01  2.7134216E+02
 1.8595999E+01  2.7135019E+02
 1.8603998E+01  2.7129324E+02
 1.8612000E+01  2.7126862E+02
 1.8619999E+01  2.7123575E+02
 1.8627998E+01  2.7133978E+02
 1.8636000E+01  2.7148050E+02
 1.8643999E+01  2.7144577E+02
 1.8651999E+01  2.7151950E+02
 1.8659998E+01  2.7170291E+02
 1.8667999E+01  2.7177493E+02
 1.8675999E+01  2.7173062E+02
 1.8683998E+01  2.7139758E+02
 1.8691999E+01  2.7120395E+02
 1.8699999E+01  2.7105618E+02
 1.8707998E+01  2.7098972E+02
 1.8716000E+01  2.7114905E+02
 1.8723999E+01  2.7104144E+02
 1.8731998E+01  2.7087155E+02
 1.8740000E+01  2.7077866E+02
 1.8747999E+01  2.7075229E+02
 1.8755999E+01  2.7056412E+02
 1.8763998E+01  2.7039664E+02
 1.8771999E+01  2.7036923E+02
 1.8779999E+01  2.7040320E+02
 1.8787998E+01  2.7048053E+02
 1.8796000E+01  2.7067673E+02
 1.8803999E+01  2.7099222E+02
 1.8811998E+01  2.7106628E+02
 1.8820000E+01  2.7108792E+02
 1.8827999E+01  2.7099341E+02
 1.8835999E+01  2.7062140E+02
 1.8843998E+01  2.7045752E+02
 1.8851999E+01  2.7059921E+02
 1.8859999E+01  2.7089328E+02
 1.8867998E+01  2.7096066E+02
 1.8875999E+01  2.7087891E+02
 1.8883999E+01  2.7080450E+02
 1.8891998E+01  2.7080966E+02
 1.8900000E+01  2.7092743E+02
 1.8907999E+01  2.7093964E+02
 1.8915998E+01  2.7093781E+02
 1.8924000E+01  2.7092401E+02
 1.8931999E+01  2.7103745E+02
 1.8939999E+01  2.7122244E+02
 1.8947998E+01  2.7136469E+02
 1.8955999E+01  2.7140540E+02
 1.8963999E+01  2.7114923E+02
 1.8971998E+01  2.7120297E+02
 1.8980000E+01  2.7145975E+02
 1.8987999E+01  2.7145990E+02
 1.8995998E+01  2.7134366E+02
 1.9004000E+01  2.7136060E+02
 1.9011999E+01  2.7143784E+02
 1.9019999E+01  2.7117795E+02
 1.9027998E+01  2.7085916E+02
 1.9035999E+01  2.7089606E+02
 1.9043999E+01  2.7108871E+02
